2016-02-05	26840489,26841432,26839247,26832396,26840156,26829318,26824625,26840174,26829317,26839413,26829649,26839177,26837755,26839406,26840090,26841430,26840485,26837467,26837003,26814963
2016-02-06	26840489,26841432,26842033,26839247,26829318,26840156,26832396,26824625,26840174,26829317,26839413,26828088,26829649,26839177,26842604,26837755,26839406,26840090,26834413,26841430
2016-02-07	26849762,26840489,26842033,26841432,26832396,26839247,26840156,26829318,26824625,26840174,26829317,26839413,26828088,26842604,26839177,26829649,26837755,26839406,26834413,26840090
2016-02-08	26842033,26849762,26840489,26842604,26841432,26845405,26845534,26839247,26840156,17540228,26824625,26832396,26829318,26849748,24149212,26834413,26848089,26840174,26829317,26839413
2016-02-09	26849762,26842033,26850641,9667398,26849748,26851532,26848089,381941,26850642,26848154,26847266,26850639,26852189,26852120,26849523,26842604,26840489,26851185,26852249,26852158
2016-02-10	26854199,26849762,26852727,26854237,25905251,26842033,26855422,26855148,26850641,9667398,26849748,26851532,26855149,26848089,381941,26853923,26854805,26847266,26850642,26848154
2016-02-11	26858352,26854199,26857072,26849762,26852727,26854237,26858453,25905251,26862926,26858259,26859285,26842033,26856896,26859684,26855422,25943411,26857844,26859881,26855148,26858408
2016-02-12	26862926,26862812,26863187,26858352,26854199,26860437,26860150,26863196,26849762,26857072,26852727,26858453,26854237,26863600,25905251,26863524,26858259,26859285,26856896,26842033
2016-02-13	26862926,26862812,26863187,26858352,26854199,26860437,26860150,26863196,26863524,26852727,26857072,26854237,26849762,26858453,26863600,25905251,26863192,26858259,26859285,26863354
2016-02-14	26862926,26862812,26871621,26869148,26863187,26858352,26864203,26854199,26860437,26860150,26863196,26857072,26863524,26858453,26849762,26852727,26854237,26863600,25905251,26858259
2016-02-15	26862926,26862812,26871621,26869148,26863187,26858352,26864203,26865554,26852886,26865019,26854199,26860437,26860150,26866840,26871632,26863196,26863524,26849762,26857072,26863600
2016-02-16	26871621,26862926,26871627,26865554,26864203,26862812,26866840,26871637,26863982,26871632,26867199,26869148,26871635,26871633,26866485,26875203,26869611,26871629,26871630,26868672
2016-02-17	26871621,26862926,26871627,26878238,26878679,26876061,26865554,26864203,26878675,26862812,26866840,26871637,26863982,26871632,26869148,26867199,26871635,26866485,26871633,26875203
2016-02-18	26871621,26862926,26878238,26876061,26871627,26878679,26875867,26878724,26877224,26878675,26876650,26862812,26865554,26864203,21874737,26866840,26871637,26863982,26876920,26878240
2016-02-19	26882076,26886798,26886796,26884455,26886794,26886799,26885860,26887054,26879140,26887046,26886800,26882445,26883990,26882551,26871621,26886521,26884195,26884166,26885978,26862926
2016-02-20	26882076,26886798,26891166,26890059,26886796,26888897,26884455,26886794,26886799,26889662,26885860,26890470,26887054,26879140,26887046,26886800,26882445,26885978,26883990,26882551
2016-02-21	26882076,26891166,26886798,26890059,26888897,26886796,26884455,26886794,26886799,26889662,26885860,26890470,26887054,26879140,26887046,26886800,26882445,26885978,26883990,26889605
2016-02-22	26891166,26890059,26888897,26889662,26890470,26887495,26889605,26887506,26897108,26882076,26886798,26886796,26884455,26886794,26886799,26885860,26892436,26887054,26879140,26887046
2016-02-23	26897108,26897106,26891166,26890059,26888897,26896675,26896047,26889662,26890470,26893169,26895815,26892225,26897752,26896565,26892436,26897751,26895850,26887495,26889605,26894958
2016-02-24	26897108,26897106,26891166,26890059,26888897,26896675,26896047,26889662,26890470,26893169,26895815,26892225,26897752,26896565,26892436,26897751,26895850,26887495,26889605,26894958
2016-02-25	26903338,26903610,26897108,26900663,26903336,26902283,26900662,26903031,26903281,26903600,26897106,26898331,26891166,26890059,26901275,26888897,26897760,26901407,26475939,26903335
2016-02-26	26475939,26903338,26903610,26897108,26900663,26903336,26902283,26900662,26903031,26903281,26903600,26897106,26898331,26901275,26903335,26891166,26897760,26901407,26890059,26904696
2016-02-27	26909576,26475939,26903338,26903610,26897108,26914330,26914317,26914537,26909534,26910464,26900663,26903336,26912905,26912499,26902283,26915032,26912385,26900662,26903031,26903281
2016-02-28	26917774,26919428,26919405,26916719,26909576,26475939,26917594,26903338,26903610,26897108,26914330,26914317,26914537,26909534,26910464,26900663,26903336,26912385,26912905,26902283
2016-02-29	26909576,26917774,26918277,26914317,26909534,26914537,26914330,26910464,26919428,26919405,26912905,26912859,26915032,26916719,26914735,26475939,26912385,26917594,26903338,26912499
2016-03-01	26919428,26918277,26909576,26921241,26917594,26922439,26916719,26921617,26919435,26921737,26920219,26922661,26914317,26917774,26909534,26914537,26917756,26921872,26914330,26910464
2016-03-02	26919428,26923117,26803393,26918277,26909576,26923600,26921241,26924382,26924689,26917594,26924761,26922439,26923098,26916719,26921617,26919435,26917774,26921737,26920219,26922661
2016-03-03	26919428,26925496,26923117,26803393,26918277,26927699,26909576,26927450,26923600,26924382,26921241,26927092,26928065,26924689,26924761,26917594,26922439,26929348,26923098,26928735
2016-03-04	26919428,26925496,26923117,26918277,26927699,26803393,26927450,26909576,26929348,26921241,26923600,26924382,26928937,26927092,26917594,26922439,26928065,26924689,26924761,26930076
2016-03-05	26919428,26925496,26923117,26803393,26927699,26918277,26927450,26923600,26909576,26929348,26924382,26921241,26924689,26928937,26927092,26924761,26928065,26917594,26922439,26923098
2016-03-06	26940869,26943629,26934549,26941318,26938449,26939047,26937001,26925496,26919428,26923117,26927699,26803393,26918277,26927450,26909576,26929348,26923600,26921241,26924382,26928937
2016-03-07	26940869,26943629,26934549,26941318,26938449,26944272,26939047,26940504,26937001,26941134,26935695,26919428,26943916,26932769,26925496,26941311,26942903,26923117,26918277,26803393
2016-03-08	26940869,26943629,26944272,26939047,26940504,26945042,26944581,26945465,26935695,26941134,25847280,26941323,26942903,26944793,26936508,26944856,26934549,26934531,26944679,26945113
2016-03-09	26940869,26943629,26950892,26944272,26950736,26949027,26950006,26950094,26939047,26940504,26949040,26945042,26944581,26950362,26947063,26945465,26935695,26950602,26950603,26941134
2016-03-10	26940869,26943629,26950892,26944272,26950736,26949027,26950006,26950094,26949040,26939047,26940504,26945042,26944581,26950362,26947063,26950360,26950602,26945465,26935695,26950603
2016-03-11	26959308,26958831,26959260,26940869,26952870,26957310,26958835,26958738,26956543,26959181,26943629,26957922,26959259,26959186,26957754,26959050,26950892,26951610,26944272,26959185
2016-03-12	26959308,26958831,26959260,26952870,26957310,26940869,26958835,26958738,26962582,26962217,26963549,26956543,26959181,26957922,26959259,26943629,26959186,26957754,26959050,26950892
2016-03-13	26965621,26959308,26958831,26959260,26952870,26957310,26940869,26958835,26958738,26962582,26962217,26963549,26956543,26959181,26957922,26947417,26959259,26943629,26959186,26957754
2016-03-14	26962217,26963549,26962582,26963564,26964146,26963593,26965621,293677,26959308,26958831,26961640,26961646,26959260,26960733,26970424,26940869,26952870,26967279,26957310,26958835
2016-03-15	26969735,293677,26965621,26967279,26966191,26967288,26969497,26965627,26962217,26965203,26963549,26962582,26967289,26967286,26969689,26963564,26964146,26965962,26963593,26967758
2016-03-16	26972635,26969735,293677,26973301,26965621,26971820,26974008,26974007,26972271,26972053,26974950,26974661,26974344,26967279,26974662,26966191,26967288,26969497,26974511,26965627
2016-03-17	26972635,26975599,26969735,293677,26977780,26087884,26977880,26973301,26965621,26971820,26974008,26976580,26974007,26972271,26975529,26972053,26976605,26977395,26978209,26974950
2016-03-18	26982734,26982728,26972635,26982722,26982723,26980239,26975599,26969735,26977780,26087884,293677,26977880,26965621,26982731,26973301,26979938,26982726,26971820,26976580,26974008
2016-03-19	26982734,26982728,26987018,26972635,26982722,26986019,26982723,26980239,26975599,26969735,26986464,26979938,26977780,293677,26973301,26087884,26977880,26982731,26971820,26982726
2016-03-20	26982734,26982728,26987018,26972635,26982722,26986019,26982723,26980239,26975599,26969735,293677,26986464,26977780,26979938,26087884,26977880,26982731,26973301,26982726,26965621
2016-03-21	26990607,26987018,26986019,26982734,26982728,26983541,26972635,26989253,26989246,26982722,26988170,26988139,26990991,26982723,26980239,26969735,26975599,26979938,26986464,293677
2016-03-22	26990607,26994509,26989253,26987018,26988139,26992833,26988170,26986019,26995790,26990991,26994616,26995730,26988905,26993503,26982734,26982728,26993805,26995055,26989177,26994814
2016-03-23	26990607,26997482,26998601,10068809,26996139,26999735,26994509,26989253,26999737,26987018,26998691,26997480,26998633,26998259,26996256,26999211,26988139,26992833,26999738,26998763
2016-03-24	26990607,26997482,26998601,10068809,26996139,26999735,26994509,26989253,26999737,26987018,26998691,26997480,26998633,26998259,26996256,26999211,26988139,26999738,26998763,26999822
2016-03-25	26990607,18533893,27007849,27007841,27000945,26997482,27007845,26998601,27001827,10068809,26996139,27007855,27007958,27007848,27007844,27008180,26999735,26994509,26989253,26999737
2016-03-26	18533893,26990607,27008969,27007849,27007841,27011354,27000945,26997482,27009278,27011048,27007845,26998601,10068809,26996139,27001827,27007855,27007958,27007844,27007848,26999735
2016-03-27	18533893,26990607,27012973,27008969,27007849,27007841,27011354,27000945,26997482,27009278,27011048,27007845,26998601,27001827,10068809,26996139,27007855,27007958,27009801,27007844
2016-03-28	18533893,27008969,27011354,27009278,27011048,26990607,27012973,27007849,27007841,27015748,27013429,27000945,27013737,26997482,27015311,27007845,26998601,27004044,27001827,10068809
2016-03-29	18533893,27008969,27013429,27013737,27015306,27011354,27009278,27011048,27015311,26990607,27017608,27013428,27015975,27016693,27015305,27016785,27013733,27013839,27015307,27015310
2016-03-30	27018887,18533893,27019049,27008969,27013429,27018834,27015306,27019327,27013737,27011354,27019329,27009278,27011048,27015311,26990607,27018655,27019871,27019341,27018577,27018799
2016-03-31	27022155,27018887,18533893,27019049,27008969,24365276,27021939,27013429,27018834,27015306,27019327,27013737,27023175,27011354,27020753,27019329,27009278,27011048,26990607,27018655
2016-04-01	27022155,27018887,18533893,27019049,27008969,24365276,27021939,27013429,27018834,27028667,27015306,27019327,27013737,27023175,27011354,27020753,27019329,27025652,27009278,27011048
2016-04-02	27022155,27018887,18533893,27019049,27008969,24365276,27021939,27013429,27018834,27028667,27015306,27019327,27013737,27023175,27011354,27020753,27019329,27025652,27009278,27011048
2016-04-03	27022155,27018887,18533893,27019049,27008969,24365276,27021939,27013429,27018834,27028667,27015306,27019327,27013737,27023175,27011354,27020753,27019329,27025652,27009278,27011048
2016-04-04	27022155,27018887,18533893,27019049,27008969,24365276,27021939,27013429,27018834,27028667,27015306,27019327,27013737,27023175,27011354,27020753,27019329,27025652,27009278,27011048
2016-04-05	27033548,27038591,27033547,27037575,27038923,27037191,27035812,27036863,27029595,27035970,27039291,27030102,27039078,27037079,27035813,27034373,27034378,27039171,27037238,27039057
2016-04-06	27033548,27038591,27033547,27037575,27038923,27037191,27035812,27044077,27044116,27043414,27036863,27042933,27029595,27035970,27039291,27043410,27039078,27030102,27037079,27035813
2016-04-07	27033548,27038591,27046524,27045557,27047985,27033547,27037575,27038923,27046831,27037191,27035812,27043414,27042933,27044077,27047249,27045844,27044116,27029595,27036863,27043410
2016-04-08	27049946,27033548,11898711,27051864,27038591,27050112,27049947,27046524,27045557,27047985,27033547,27037575,27038923,27037191,27035812,27046831,27043414,27047249,27042933,27044077
2016-04-09	27049946,27033548,11898711,27049947,27053774,27051864,27052803,27038591,27050112,27052831,27047694,27046524,27052382,27049943,27045557,27049939,27050856,27047985,27033547,27037575
2016-04-10	27057496,27055372,27058663,27049946,27033548,11898711,27049947,27053774,27052803,27051864,27038591,27052831,27050112,27047694,27046524,27045557,27052382,26394262,27049943,27047985
2016-04-11	27057496,27053774,27052831,27052803,27054314,27055372,27052382,27055200,27058663,27058556,27049946,27056623,27033548,11898711,27058937,27058955,27049947,27051864,27038591,27050112
2016-04-12	27058663,27055372,27058666,27058938,27058662,27058556,27053774,27058937,27058665,27052831,27052803,27058664,27060565,27054314,27058929,27058788,27058661,27058035,27060147,27058900
2016-04-13	27064148,27065833,27065010,27064257,27064903,27058663,27055372,27062929,27058666,27058938,15615106,27064449,27062923,27058662,27064076,27058556,27062927,27066299,27058937,27053774
2016-04-14	26188901,27064148,27065833,27065010,27064257,27064903,27058663,27055372,27062929,27058666,15615106,27064449,27058938,27062923,27058662,27064076,27058556,27062927,27053774,27066299
2016-04-15	27074377,26188901,27074515,27064148,27066744,27074370,27074509,27074508,27070380,27074511,27074513,27068224,27065833,27065010,27074503,27074312,27067599,27064257,27070702,27074389
2016-04-16	27074377,20713507,26188901,27064148,27074515,21478274,27066744,27074370,27074509,27074508,27070380,27074511,27074513,27068224,27076081,27078145,27065833,27065010,27074503,27064257
2016-04-17	27074377,27079880,20713507,26188901,27074515,27064148,21478274,27066744,27074370,27074509,27074508,27070380,27074511,27074513,27068224,27076081,27078145,27065833,27065010,27075704
2016-04-18	20713507,21478274,27078145,27074377,27076081,27079880,27075704,27078057,27078069,26188901,27074515,27083093,27064148,27066744,27074370,27074509,27074508,27070380,27074511,27074513
2016-04-19	27086196,20713507,27083981,27080313,21478274,27079678,27083334,27078145,27084741,27085723,27074377,27076081,27085913,27079176,27084739,27079880,27075704,27078057,27078069,27075101
2016-04-20	27088990,27086196,27089539,27087594,27089382,27089181,20713507,27089513,27088644,27089514,27089178,27088965,27086601,27083981,27088241,27089527,27080313,27087446,27079678,27083334
2016-04-21	27093288,27088990,27093365,27086196,27089539,27087594,27093158,27089382,27092830,27091974,27091703,27096365,20713507,27089181,27089513,27088644,27089514,27090508,27089178,27088965
2016-04-22	27096365,27096366,27096363,27096362,27096360,27093288,27097283,27096368,27088990,27093365,27086196,27097356,27096882,27089539,27093158,27094534,27087594,27089382,27092830,27096951
2016-04-25	27102172,26069290,25894913,27096365,27100989,27096366,25736978,27100611,27096363,27096362,27096360,27093288,27097283,27096368,27088990,27086196,27093365,27097356,27096882
2016-04-26	6715563,27102172,26069290,25894913,27103069,27096365,27108444,27102485,27107038,27104980,27103670,27108136,27102484,27102569,27108398,27100989,25736978,27108448,27107558
2016-04-27	6715563,27111720,27102172,26069290,27111508,27110918,27111890,25894913,27111235,27111611,27111294,27103069,27096365,27111280,27111841,27111036,27108444,27110660,27111843
2016-04-28	6715563,27111720,27114038,27102172,26069290,27114968,27120160,27113561,27112497,27111508,27110918,27111890,27115041,27116251,25894913,27112499,27111235,27114033,27115480,27096365
2016-04-29	27120160,27120157,27118425,27111720,27120414,27120802,27119237,27114038,27119012,27102172,27120812,26069290,27120156,27114968,27117709,27113561,27119968,27112497,27111508,27117758
2016-04-30	27120160,27120157,27124452,27111720,27118425,27123773,27120414,27124623,27120802,27119237,27114038,27102172,27119012,27120812,27109436,26069290,27120156,27118452,27114968,27119968
2016-05-01	27120160,27126423,27127236,27126459,27124452,27120157,27123773,27118425,27111720,27124623,27120414,27120802,27114038,27119237,27119012,27102172,27120812,27109436,26069290,27114968
2016-05-02	27124452,27120160,27124623,27123773,27126423,27127236,27126459,27120157,27126040,27118425,27127239,27111720,27120414,27125909,27120802,27119237,27119012,27114038,27120812,27102172
2016-05-03	27126459,27130520,27127236,27135926,27130213,27124452,27126040,27120160,27124623,27123773,27127239,27126039,27126044,27132058,27126423,27131987,27129450,27131917,27127234,27126046
2016-05-04	27135926,27136393,27136077,27126459,27136388,27135930,27133168,27130520,27133164,27135929,27135717,27127236,27133227,27135718,27133167,27135738,27130213,27136595,27126040,27136078
2016-05-05	27135926,27136393,27140923,27136077,27137896,27136388,27126459,27135930,27140691,27133168,27140632,27130520,27133164,27135929,27135717,27127236,27133227,27135718,27139439,27133167
2016-05-06	27135926,27144355,27144363,27136393,27144686,27143490,27140923,27136077,27137896,27126459,27145284,27144354,26644667,27145382,27136388,27142450,27135930,27145169,27140691,27144353
2016-05-07	27135926,27144355,27136078,27144363,27136393,27144686,27143490,27149401,27140923,27136077,27145382,27137896,27145284,27136388,27144354,26644667,27126459,27135930,26067849,27142450
2016-05-08	27151536,27135926,27144355,27136078,27144363,26966825,27136393,27144686,27140923,27149401,27143490,27137896,27136077,27145382,27145284,27144354,26792340,26644667,27126459,27136388
2016-05-09	27149401,27151536,27149521,27135926,27149628,26067849,27148186,27144355,27136078,26966825,26863146,27144363,27152436,27150497,27152424,26147924,27136393,27144686,27143490,27140923
2016-05-10	25524913,27152436,27152442,27152424,27153535,27153493,27151159,27153497,27149401,27153499,27153538,27153498,27153724,27135926,27151536,27149521,27150288,27151551,27153281,27149628
2016-05-11	25524913,27159373,27158761,27152436,27158114,27159561,27158906,27158904,27152442,27158780,27152424,27153535,27158907,27153493,27151159,27153497,27159017,27157931,27159579,27149401
2016-05-12	27161448,27160350,27163284,27162029,25524913,27159373,27158761,27160641,27158114,27152436,27163257,27158906,27159561,27158904,27164557,27152442,27158780,27152424,27158907,27153535
2016-05-13	17936790,27167723,27161448,27160350,27163284,27164932,27162029,27168238,25524913,27160641,27159373,27158761,27152436,27166358,27158114,27163257,27168354,27158906,27159561,27164557
2016-05-14	27159194,17936790,27167723,27161448,27160350,27163284,24184099,27164932,27162029,27165626,27168238,25524913,27159373,27158761,27160641,27158114,27168354,27166358,27152436,27163257
2016-05-15	27175106,27176727,27159194,27169833,27172245,27171688,17936790,27161448,27167723,27160350,27163284,26766547,24184099,25981200,27164932,27162029,27165626,27168238,25524913,27160641
2016-05-16	27175106,26694843,27176727,27159194,27172245,27169833,27171688,17936790,27170524,27167723,27174988,27169845,27174990,27161448,27175285,26766547,27160350,27163284,25981200,24184099
2016-05-17	27175106,27170039,26694843,27178736,27174990,27171759,27174988,27176727,27179026,27173435,27179361,27159194,26980073,27172245,27174984,27169833,27173920,27177718,27171688,17936790
2016-05-18	27175106,27170039,26694843,27178736,27174990,27171759,27176727,27174988,27179026,27173435,27179361,26980073,27159194,27172245,27173920,27174984,27169833,27177718,27179038,27174952
2016-05-19	27175106,27170039,26783723,26694843,27178736,27174990,27171759,27174988,27176727,27179026,27173435,27179361,26980073,26959053,27159194,27173920,27172245,27174984,27169833,27177718
2016-05-20	27175106,27192671,27192570,27170039,26783723,27192578,24500535,27191354,27192541,26694843,27192495,27189025,27178736,27180908,27174990,27180225,27171759,27185894,27180905,27181519
2016-05-21	27182422,27175106,27182886,27192671,27192570,27194423,27196115,27193687,27170039,26783723,27196099,27192578,27196520,27191672,24500535,26694843,27191354,27193574,27196972,27192541
2016-05-22	27182422,27199791,27198714,27198675,27175106,27182886,27192671,27192570,27194423,27196115,26783723,27193687,27170039,27196099,27192578,22950087,27196520,27191672,24500535,27191354
2016-05-23	27182422,27194423,27196115,27196099,27193687,27196520,25753776,27199791,27196972,27193574,27198714,27197071,27195814,27198675,27193190,27175106,27199566,27192671,27182886,27203109
2016-05-24	27209600,27198675,27203175,27182422,27208701,27208633,27194423,27196115,27203109,27196099,27199435,27193687,27207108,27198673,27196520,25753776,27208380,27199791,27196972,27193574
2016-05-25	27213481,27214048,27212660,27209600,27198675,27210042,27213690,27211867,27214280,27212593,27203175,27214379,27211788,27182422,27210264,27208701,27208633,27213817,27214778,27213815
2016-05-26	27219125,27218448,27213481,27219062,27220087,27214048,27212660,27209600,27198675,27210042,27213690,27211867,27219060,27216776,27214280,27218233,27212593,27219625,27218450,27203175
2016-05-27	27219125,27218448,27223304,27222091,26473521,27222919,27213481,27224921,27224930,27219062,27220087,27223671,27214048,27223118,27224938,27212660,27209600,27198675,27210042,27213690
2016-05-28	27219125,27218448,27223304,26473521,27085996,27222091,27217934,27218874,27222919,27225182,27213481,27224921,27219279,27221689,27224930,27219062,27220087,27225129,27223671,27214048
2016-05-29	27229144,27219125,27218448,26549600,27229896,27226647,27223304,26473521,27232487,27085996,27222091,27217934,27218874,27222919,27225182,27213481,27221689,27224921,27219279,27219062
2016-05-30	27225182,27229144,27225129,27235824,26549600,27219125,27218448,27229896,27226647,27235022,27223304,27231949,26473521,27232487,27085996,27232714,27230792,27222091,27217934,27230218
2016-05-31	27235022,27236699,27230380,27225182,25213836,27229144,27234522,27236440,27236861,27236050,27225129,27235824,26549600,27219125,27218448,27229896,27236331,27226647,26473521,27231949
2016-06-01	27235022,27238023,27240091,27238018,27238081,27239032,27239795,27236699,27239035,27239760,27240195,27240419,27237052,27230380,27225182,25213836,27229144,27239797,27234522,27239935
2016-06-02	9261917,27235022,27244249,27238023,27240091,27242579,27238018,27238081,26644651,27239032,27239795,27239035,27236699,27239760,27240195,27240419,27241552,27237052,27230380,27241208
2016-06-03	27248712,27249753,9261917,27235022,27247001,27246017,27244249,27238023,27249330,27249772,23873868,27245636,27240091,27242579,27249678,27247277,27238018,26644651,27238081,27239032
2016-06-04	27253835,27248712,27249753,9261917,27235022,27253448,27252719,27247001,27251151,27251275,27251290,27238023,27251266,27246017,27249330,27244249,27251288,27249772,23873868,27240091
2016-06-05	27253835,27256883,27259145,26651837,27248712,27249753,9261917,23667441,27235022,27253448,27252719,27251151,27247001,27251275,27251290,27244249,27251266,27246017,27251288,27249330
2016-06-06	27253835,27256883,23667441,27252719,27253448,27251275,27251290,27251266,27251288,24690765,27259145,26651837,27251151,27253694,27248712,27258303,27249753,9261917,27256112,27235022
2016-06-07	27253835,23667441,24690765,26686241,2238799,27256883,27260862,27259148,27257258,27252719,27253448,27256670,27251275,27261202,27260156,27261847,27251290,27251266,23261019,27251288
2016-06-08	27253835,26686241,23667441,24690765,2238799,27256883,17060511,27260862,27259148,23650447,27257258,27256670,27252719,27253448,27251275,27261202,27260156,27261847,27251290,23261019
2016-06-09	27253835,26686241,23667441,24690765,2238799,17060511,27256883,27260862,27259148,23650447,27252719,27253448,27257258,27256670,27251275,27261202,27260156,27261847,27251290,27251266
2016-06-10	27253835,27276584,26686241,23667441,24690765,27272384,27276561,27274053,2238799,27260862,27259148,17060511,27256883,27257258,23650447,27256670,27252719,27253448,27251275,27261202
2016-06-11	27281202,27279226,27253835,27267663,27276584,27281222,27281220,27274053,27281208,27272384,27280787,27276561,27280971,27280977,27281205,27072064,26686241,23667441,24690765,27281218
2016-06-12	27281805,25085605,27282953,27284167,27281202,27284030,27284200,27253835,27279226,27267663,27276584,27281222,27281220,27274053,27281208,27280787,27272384,27280971,27276561,27280977
2016-06-13	27288039,27281202,27279226,27091187,27281222,27281220,27281205,27280977,27281805,25085605,27280787,27281208,27280971,27282953,27279214,27281421,27281741,27281199,27281218,27284167
2016-06-14	27288039,27091187,27281202,27282953,27279226,27284167,27281222,27281220,27285820,27289569,27281205,27280977,27281805,27283993,27290613,27280787,27281208,25085605,27280971,27279214
2016-06-15	27288039,27091187,27295427,27281202,27282953,27279226,27284167,27293547,27294619,27281222,27281220,27291619,27285820,27289569,27295554,27281205,27280977,25085605,27283993,27290613
2016-06-16	27288039,27091187,27299675,27297201,27295427,27301070,27281202,27300278,27282953,27300434,22980211,27296393,27279226,27300487,27299618,27284167,27300537,27300435,27293547,27294619
2016-06-17	27091187,27288039,27304505,27297201,27299675,27304953,27305043,27295427,27301070,27304513,27304510,27304074,21157679,27304509,27304506,27301722,27281202,27282953,27303270,27300278
2016-06-18	27288039,27309802,27304505,27091187,27297201,27299675,21157679,27304953,27295427,27309807,27305043,27301559,27301070,27299989,27304513,27304510,27304074,27304509,27304506,27301722
2016-06-19	27316915,27315483,27309802,27288039,27312235,27315481,27304505,27091187,27297201,25906426,27299675,21157679,27304953,27309807,27299989,27301559,27305043,27301070,27295427,27304513
2016-06-20	27309802,27316915,27309807,21157679,27311081,27306663,25557382,27315483,27312235,27091187,27304505,27288039,27315481,27297201,25906426,27299675,27304953,27305043,27299989,27301559
2016-06-21	27316915,19749610,27318931,25557382,27315483,27315481,27309802,27305952,22935547,27313051,25204545,27309807,21157679,27315476,27315834,26019246,27306663,27311081,27309819,27309352
2016-06-22	27316915,19749610,27318931,25557382,27322743,27315483,27321923,27315481,27309802,27322420,27323328,27311214,27305952,27322543,27320049,22935547,27320042,27315834,27313051,25204545
2016-06-23	27316915,19749610,27318931,25557382,27322743,27315483,27325776,27321923,27309802,27327646,27328445,27315481,27322420,27323328,27311214,27305952,27322543,27320049,27320042,27315834
2016-06-24	27316915,27332730,27332733,27329908,19749610,27318931,27329820,25557382,27331824,27329784,27330136,27315483,27332734,27332784,27322743,27325776,27321923,27315481,27327646,27328445
2016-06-25	27316915,20100756,27332730,17332442,27332733,27329908,27325536,27336944,19749610,27329820,27318931,27331824,25557382,27337592,27329784,27334272,27330136,27322743,27332734,27332784
2016-06-26	27338716,1874951,27316915,11883969,20100756,17332442,27332730,27332733,27329908,27325536,27336944,19749610,27318931,27329820,27331824,25557382,27337592,27329784,27334272,26071633
2016-06-27	27338716,27184285,20100756,27336944,1874951,27316915,27337592,27334272,27334615,27336301,11883969,27335052,27336715,26811110,27337340,27339607,27332730,17332442,27339435,27338594
2016-06-28	27339251,27339099,27338716,27338953,27184285,20100756,27338794,27336944,27340770,1874951,27338021,27341390,27316915,27337592,27334272,27334615,27336301,27341420,27340022,11883969
2016-06-29	27339251,27347757,27348499,27338716,27339099,27348136,27338953,27184285,20100756,27338794,1874951,27348412,27336944,27340770,27338021,27341390,27316915,27347849,27337592,27348077
2016-06-30	27347757,27339251,27348499,27348136,27339099,27338716,27348625,27184285,27338953,20100756,27350235,27338794,27347849,27336944,27348412,27348077,20646183,27340770,1874951,27345367
2016-07-01	27355570,27354515,27339251,27347757,27348499,27348136,27353328,27355649,27339099,27338716,27350235,27348625,27338953,27184285,17047531,20100756,20646183,27338794,27347849,27340770
2016-07-02	27355570,27354515,27356102,27358323,27362237,27347757,27353328,27339251,27348499,27355649,27348136,27362227,27357649,27354485,27338716,27348625,27339099,27350235,27355411,27338953
2016-07-03	27355649,27355570,27354515,27356102,27358323,27362237,27353328,27339251,27347757,27348499,27362227,27348136,27357649,27354485,27362234,27338716,27339099,27350235,27184285,27348625
2016-07-04	26129928,27358323,27362237,27362227,27362234,27355649,27355570,27282982,27354515,27356102,27339251,27353328,27347757,27348499,27348136,27357649,27354485,27339099,27338716,27338953
2016-07-05	26129928,27358323,27362237,26271931,27362227,27362234,27357649,27355649,27362483,27362226,27355570,27282982,27354515,27356102,27339251,27353328,27347757,27348499,27348136,27354485
2016-07-06	26271931,26129928,26148051,27358323,27362237,27362227,27362234,27357649,27355649,27374403,27362483,27362226,27371758,27355570,17593063,27282982,27354515,27356102,27347757,27339251
2016-07-07	26271931,27379574,26129928,27379960,26148051,27378374,27358323,27362237,27376698,27362227,27362234,27357649,27374403,27375735,27354031,27374334,27376576,27362483,27355649,27374330
2016-07-08	26271931,27379574,27381537,26129928,27380939,27382155,27382161,27381243,27381182,27379960,26148051,27378374,27382338,27382453,27377953,26016488,27358323,27362237,27376698,27362227
2016-07-09	21514642,26271931,27379574,27383988,27381537,27377953,27383793,26129928,27383987,27380939,27376700,27382155,27382161,27381243,14127686,27381182,26148051,27379960,27383980,27378374
2016-07-10	21514642,26183073,27379574,26271931,27383988,27381537,27377953,27383793,27383987,26129928,27376700,27380939,27382155,27382161,27381243,14127686,20711498,27381182,27379960,27383980
2016-07-11	21514642,27383988,27383987,27383793,14127686,26183073,27383781,27383980,27383981,27383986,27383790,26271931,27384348,27379574,27388979,27385740,27383983,27386159,27382931,27381537
2016-07-12	21514642,27383988,27383987,27383793,27394703,27387532,14127686,27392145,26183073,27383781,27383980,27394966,27383981,27383986,27383790,27392648,26271931,27391408,27379574,27384348
2016-07-13	27400401,27398621,27400265,21514642,27396625,27398620,27397684,27397506,27397505,27398291,27383988,27396868,27400233,27399843,27399419,27398909,27400447,27383987,27383793,27394703
2016-07-14	23735849,27400401,27398621,27404874,27400265,21514642,27404719,27402906,27401397,27396625,27398620,27397684,27397506,27397505,27404981,27398291,27402742,27402340,27383988,27404485
2016-07-15	23735849,27400401,27398621,27404874,27400265,21514642,27404719,27402906,27401397,27396625,27398620,27397684,27397506,27397505,27404981,23967740,27398291,27402340,27402742,27404485
2016-07-16	23735849,27398917,27402957,27400401,23967740,27398621,27404874,27400265,27406736,12825147,21514642,27404719,27409813,27405721,27402906,27401397,27409811,27396625,27398620,27397684
2016-07-17	23735849,27398917,27417933,27402957,27400401,23967740,27413102,27398621,27404874,27414043,27305952,12825147,27400265,27406736,21514642,27404719,27409813,27402906,27405721,27401397
2016-07-18	23735849,27398917,27418186,27339181,23967740,27417933,27402957,27400401,26132582,27419872,27398621,27413102,27404874,27414043,27305952,12825147,27400265,27406736,21514642,24453077
2016-07-19	27418186,23735849,27398917,27417494,27339181,27419872,27419869,23967740,27417121,27423542,27419871,27418512,27417933,27402957,27418510,27135049,27419933,27417495,27400401,26132582
2016-07-20	27418186,23735849,27398917,27417494,27339181,27419872,27421872,27419869,27417121,23967740,27423542,27417933,27419871,27418512,27402957,27418510,27135049,27417495,27419933,27400401
2016-07-21	27418186,27430012,23735849,27398917,27417494,27339181,26547762,27419872,23967740,27419869,27417121,27421872,27433843,27434881,27423542,27419871,27418512,27417933,27428308,27402957
2016-07-22	27418186,27437579,27430012,23735849,27398917,27433843,27434443,27417494,27339181,27419872,26547762,27419869,27417121,27434881,27434683,27421872,23967740,27423542,27433846,27419871
2016-07-23	27418186,27437579,27430012,23735849,27398917,27437574,27433843,27434443,27417494,27437580,27442501,27437576,27339181,27419872,27435372,26547762,27419869,27437577,27417121,27438387
2016-07-24	27418186,25805829,27431779,27437579,27430012,27442501,23735849,27438387,27430501,27437574,27398917,27433843,27434443,27437580,27417494,27339181,27437576,26547762,27435372,23967740
2016-07-25	27442501,27418186,25805829,27431779,27437579,27430012,23735849,27438387,27430501,27437574,27398917,27433843,27417494,27437580,27434443,27437576,27419872,27435372,27339181,27419869
2016-07-26	27444870,27443740,27443926,27448057,27443522,27443723,27447985,27442501,27263326,27447450,27447891,27447671,27448308,27445146,27441600,27447986,27447625,27418186,27440266,27442339
2016-07-27	27444870,27443740,27443926,27448057,27443522,27443723,27447985,27442501,27263326,27447450,27447891,27447671,27448308,10668732,27445146,27441600,27448331,27447986,27448188,27447625
2016-07-28	26259883,27443740,27447985,27442501,27263326,27447450,27447891,27447671,10668732,27441600,25612238,27135468,27447986,27447625,27418186,27447449,27445838,27448149,27440266,27446020
2016-07-29	27463229,27455347,27455348,27458201,27464346,27463676,27462807,27462806,26259883,27462456,27455510,27463941,27455103,27454297,27460266,27444870,27460707,27462461,27443740,27443926
2016-07-30	27463229,27465375,27455347,27455348,27466123,27466127,27460266,27458201,27465542,27464346,27463676,27462807,27462806,26259883,27462456,27455510,27463941,27455103,27454297,27135468
2016-07-31	27463229,27465375,27455347,27455348,27466123,27466127,27460266,27458201,27465542,27464346,27463676,27462807,26259883,27462806,27135468,27462456,27455510,27463941,27455103,27454297
2016-08-01	27465375,27466127,27466123,27465542,27463229,27455347,27467575,27465374,27472361,27455348,27471669,27460266,27458201,27464346,27463676,27462807,21333595,27462806,26259883,27462456
2016-08-02	27465374,27475042,27465375,27475412,27475895,27466127,27466123,27473827,27465542,18585722,27470878,27463229,27471252,27475953,27471220,27475769,27474441,27472953,27455347,27474442
2016-08-03	27465374,18248533,27475042,27465375,27475412,27475895,27479324,27479909,27466127,27466123,27479196,27473827,27465542,18585722,26966829,27479325,27479770,27477511,27479603,27477512
2016-08-04	27465374,18248533,27475042,27465375,27475412,27482354,27475895,27479324,27479909,27466127,19138177,27466123,27210844,27479196,27473827,27465542,27477511,18585722,26966829,27479770
2016-08-05	27465374,18248533,27487218,27475042,27487330,27487212,27487210,27465375,27475412,27484623,27484482,27487217,27482354,27486969,27487216,27475895,27487209,27487213,27102321,27479324
2016-08-06	27465374,18248533,26795764,27490630,27487218,27475042,27487330,27487212,27487210,27465375,27475412,27484623,27484482,27487217,27489041,27486969,27482354,27487216,27486853,27487209
2016-08-07	24789744,26538643,27465374,26795764,18248533,27490630,27447721,27487218,27475042,27487330,27465375,27487212,27487210,27475412,27484623,27484482,27487217,27482354,27489041,27486969
2016-08-08	27490630,24789744,26538643,27489041,27465374,27494557,27492474,18248533,26795764,27447721,27475042,27487218,27487330,27487212,27465375,27487210,27475412,27484623,27484482,27487217
2016-08-09	27494557,27492474,27494456,27490630,27493188,24789744,27493190,26538643,27492477,27494556,27494619,27492478,27492475,27489041,21209832,16340187,27465374,27491876,16838375,27490191
2016-08-10	21209832,27494557,27501246,27501248,27499295,27501152,27499201,27492474,27494456,27490630,27493188,24789744,26538643,27493190,27492477,27494556,27496713,27501507,27494619,27501245
2016-08-11	21209832,27494557,27505672,27503169,27503349,27504762,27501246,27504665,27501248,27499295,27505671,27501152,27499201,27492474,27503625,27490630,27494456,27493188,24789744,27493190
2016-08-12	21209832,27494557,27505672,27503169,27503349,27504762,27501246,27504665,26791164,27501248,27499295,27505671,27501152,27499201,27492474,27503625,27494456,27493188,27490630,24789744
2016-08-16	25610473,20041736,27513339,27513733,10589903,25765761,27509858,27507131,23454735,27503946,27510203,25639826,23919568,21209832,27513589,27510169,27510903,27503703,27510362,27509861
2016-08-17	25610473,27525524,27523609,27524440,20041736,27516603,27525433,27524438,27525555,27513339,27526323,27526324,27513733,10589903,23919568,25765761,27509858,27507131,23454735,27503946
2016-08-18	25610473,27525524,27523609,27524440,27524438,27525555,27516603,27525433,27533032,27526324,27526323,20041736,27513339,27513733,27523299,24723089,27525504,27525505,10589903,23919568
2016-08-19	27533032,27533040,27533041,27531949,27532478,27532819,27533034,25610473,26516909,27531349,27533035,27533299,22568265,25807026,27532023,27525524,27523609,27524440,27524438,27525555
2016-08-20	27533032,27535533,27533040,27533041,27531949,27532478,27532610,27532819,27515213,27533034,27533035,26516909,27531349,25610473,27533299,27534536,22568265,25807026,27532023,27535106
2016-08-21	27540006,27533032,27535533,27533040,27533041,27516705,27531949,27532610,27532478,27518691,27058967,27532819,27515213,27533034,27533035,26516909,25610473,27531349,19734238,27533299
2016-08-22	27535533,27540006,27346652,27543973,27533032,27534536,27535106,27533040,27533041,27516705,27531949,27532478,27128765,27532610,20347530,27518691,27058967,27532819,25985393,26404065
2016-08-23	27541287,27535533,27540006,27346652,27543973,27543296,27544717,27542949,27540106,27538358,27534536,27533032,27540165,27540174,27541062,27540992,27548915,27535106,27540471,27533040
2016-08-24	27541287,27548915,27548807,27545505,27545104,27535533,27545347,27540006,27346652,27543973,27545504,27545506,27069887,27543296,27544717,27542949,27548313,27548576,27540106,27548913
2016-08-25	27541287,27550974,27548915,27551060,27549193,27548807,27535533,27545505,27545104,27545347,27551072,27540006,27550819,27552055,27552432,27550960,27346652,27545504,27543973,27551006
2016-08-26	27541287,27550974,27557300,27548915,27327024,27554600,27556948,27557302,27556950,27556946,27555815,27551060,27556938,27557413,27549193,27552911,27554112,27553175,27548807,27556940
2016-08-27	27541287,27550974,27548915,27557300,27327024,27554600,27556948,27557302,27556950,27556946,27555815,27551060,27556938,27558837,27559131,27557413,27552911,27549193,27559318,27554112
2016-08-29	27558837,27559131,27541287,27559154,27559318,27550974,27557703,27241263,27557300,27548915,24203799,27327024,27458079,26997188,27554600,27556948,27557302,27556950,27556946,15365133
2016-08-30	27566508,27565342,27565347,27568284,27565352,27567931,27564131,27558837,27559131,27541287,27559154,27559318,27550974,27557703,27560129,27560176,27241263,27548915,27557300,27557899
2016-08-31	27566508,27565342,27565347,27568284,27565352,27567931,27564131,27558837,27559131,27563431,27565346,27568463,27565344,27550974,26894275,27559154,27559318,27541287,27557703,27560129
2016-09-01	27566508,27571349,27565342,27565347,27568284,27565352,27567931,27564131,27571369,27558837,27559131,27563431,27565346,27568463,27559154,27559318,27541287,27565344,27550974,26894275
2016-09-02	27580035,27580029,27580032,27566508,27580028,27578458,27576906,27579558,27565342,27582220,27571349,27565347,27568284,27580037,27578183,27580152,11311306,27565352,27567931,27574704
2016-09-03	27582035,27582220,27580035,27580029,27580032,27582050,27580028,27578458,27576906,27566508,27579558,25133075,27585307,27571349,27565342,14616763,27581584,27565347,15265850,27580957
2016-09-04	25133075,27582035,27588530,4852861,27582220,27588603,25881172,27584714,27580035,27580029,26568505,27580032,27582050,27580028,27578458,27566508,27576906,27422505,27583766,27579558
2016-09-05	27582035,27582220,25133075,27588530,4852861,27582050,27591257,27588603,25881172,27585295,27581584,27580957,27580035,27584714,27580029,26568505,27580032,27238747,27566508,27580028
2016-09-06	27582035,27582220,25133075,27591257,27588530,27586837,27238747,4852861,27582050,27590160,27588603,25881172,27585295,27581584,27591677,27580957,27584714,27580035,27393037,27580029
2016-09-07	27582035,27582220,25133075,27588530,27591257,27586837,27238747,4852861,24881571,27582050,27590160,27588603,25881172,27585295,27591677,27590737,27581584,27588756,27587072,27590623
2016-09-08	27595405,27594426,27598136,27582035,27596525,27595403,27597724,27595406,27582220,27064248,27599039,27594587,27598870,27592405,27595394,27595233,27595392,25133075,27591257,27588530
2016-09-09	27595405,27603913,27594426,27599850,27598136,27596525,27601644,27582035,27595403,27597724,27602517,27595406,27602946,27602518,27602521,27601680,27064248,27582220,27601578,27604059
2016-09-10	27601778,27606440,27595405,27603913,27594426,27599850,27607582,27598136,27582035,27601644,27596525,27595403,27597724,27602517,27602946,27595406,27602518,27477054,27602521,27601680
2016-09-11	27365281,27601778,27610572,27606440,27595405,27594426,27603913,27599850,27607582,27598136,27582035,27596525,27601644,27595403,27477054,27597724,27170524,27595406,27602517,27602946
2016-09-12	27606440,27607582,27365281,11220212,27608497,27601778,27610572,27605551,27607555,23292213,27595405,27603913,27599850,27594426,27598136,27582035,27601644,27596525,27477054,27595403
2016-09-13	11220212,5339699,27609073,27606440,27607582,27365281,27610575,27610574,27614072,27612415,27608497,21565478,27601778,27613601,27614950,27610572,27609244,27609895,27614654,27613725
2016-09-14	11220212,27617387,27618190,27618650,27618526,5339699,27618452,27618651,27609073,27617709,27618611,27618485,27618450,27618652,27606440,27618447,27618111,20118522,27607582,27365281
2016-09-15	11220212,27617387,23698387,20118522,27618190,27618650,27618526,5339699,27623537,27618452,27618651,27623008,27622997,27617709,27609073,27618611,27618485,27621269,27606440,27618450
2016-09-16	23698387,11220212,27617387,27626136,27626381,20118522,27624851,27626365,27626382,27618190,27626379,27627457,27626380,27626385,27618650,27618526,5339699,27626377,27626371,27623537
2016-09-17	23698387,11220212,27617387,26200198,27428680,27626136,27620683,27626381,20118522,27624851,27626365,27630115,27618190,27626382,27618650,27626379,27627457,27626380,27626385,27618526
2016-09-18	27428680,23698387,11220212,27635674,27617387,26200198,27626136,27620683,27626381,20118522,27630115,27624851,27626365,27626382,27618190,27626379,27627457,27626380,27626385,27618650
2016-09-19	27428680,26200198,23698387,27630115,11220212,27635674,18157860,27617387,27631155,27626136,27626381,27620683,27635762,27634650,27624851,27626365,20118522,27626382,27626379,27627457
2016-09-20	27428680,27639630,26200198,23698387,27640087,27633186,27640184,27635762,27630115,11220212,27635674,18157860,27640062,27639801,27634179,27634650,27617387,27638428,27633045,27637147
2016-09-21	27643743,27642729,27428680,27639630,27640875,26200198,23698387,27643538,27641687,27641501,27640087,27643638,27633186,27640184,27641777,27644020,27641441,27635762,27630115,27642791
2016-09-22	
2016-09-23	27651444,27650287,27650823,27643743,27651359,27652340,27642729,27652346,16979687,27428680,27652332,27647492,27650556,27639630,27652094,27647810,27651331,27650892,27648547,27640875
2016-09-24	8262106,16979687,1623716,27651444,27649777,27656267,27650287,27638845,27643743,27650823,27651359,27652340,27642729,27428680,27652346,26182909,27652332,27650556,27647492,27657442
2016-09-25	27658937,27662090,27662091,27661255,8262106,16979687,1623716,27651444,27649777,27656267,27650287,27638845,27650823,27643743,27651359,27652340,27642729,27428680,26182909,27652346
2016-09-26	
2016-09-27	27662091,27662090,17566796,27659479,27658937,27658514,27664857,27662879,27662880,27662817,27665539,27662086,27659705,27664394,8262106,27661255,16979687,27652544,1623716,27653589
2016-09-28	17566796,27662091,27659479,27662090,27658937,27658514,27664857,27662879,27662880,27669025,27662817,27665539,27662086,27659705,27664394,8262106,27661255,27668937,16979687,27668660
2016-09-29	27672148,27669025,17566796,27662091,27659479,27668937,27668660,27662090,27667664,27667687,27668389,27669461,27667685,27668938,27668807,27677185,27668659,27673306,27658937,27667267
2016-09-30	27672148,27669025,17566796,27662091,27659479,27662090,27668937,27668660,27667664,27667687,27668389,27669461,27667685,27668938,27673306,27677185,27668807,27668659,27658514,27658937
2016-10-01	27685432,27680694,27672148,27669025,27680706,27681417,27684505,17566796,27662091,27680702,27659479,27668937,27668660,27662090,27681520,27667664,27667687,27664020,27685656,27668389
2016-10-02	27686460,27686459,12095474,27685432,27680694,27672148,24121244,27680706,27669025,27681417,27684505,17566796,27662091,27680702,27659479,27664020,27668937,27662090,27668660,27681520
2016-10-03	27685432,27680694,27680706,27681417,27684505,27680702,27681520,27686460,21659778,27679482,12095474,27682515,27686459,27686458,24121244,27672148,27690200,24366340,27686048,27669025
2016-10-04	27686460,27686459,27690265,27686458,27685432,24366340,22508506,27680694,27688759,27686048,27680706,24937280,27681417,1400575,27684505,27680702,27690200,27681520,22479968,22544681
2016-10-05	27696633,27694625,27686460,27695821,27694991,27686459,27694959,27695855,27694915,27694931,27690265,27686458,27685432,27693353,24366340,22508506,27680694,27693357,27696566,27693355
2016-10-06	27347862,27696633,27698416,27698246,27694625,27686460,27695821,27694991,27686459,27694959,27695855,27699445,27698470,27694915,27698232,27698035,27694931,27701660,27701735,27685432
2016-10-07	27347862,27705267,27706792,27704749,27706140,27706136,27706135,27696633,27711106,27698416,27698246,27686460,27694625,27695821,27686459,27694991,27694959,27699445,27695855,27698470
2016-10-08	27711106,27347862,24055781,27708104,27705267,27706792,27711765,27708057,27711053,27712027,27704749,27706140,27696633,27706136,27706135,27711063,27708008,27708058,27698416,27698246
2016-10-09	23242910,27711106,27347862,24055781,27708104,27705267,27706792,27711765,27708057,27711053,27712027,27704749,27706140,27706136,27711063,27706135,27696633,27708008,27708058,27698416
2016-10-10	23242910,27708104,27708057,27712027,27711765,27711053,27711063,27708008,27708058,27347862,27708076,24055781,27708074,27708039,10190847,27708105,27705267,27706792,27704749,27706140
2016-10-11	23242910,20549185,27708104,27713537,27717303,27716510,27708057,27712027,27711765,27711053,27711063,27708008,27708058,27717299,27716665,27347862,27716507,27708076,27718356,27718173
2016-10-12	27718847,27723741,23242910,27723745,27723754,27721110,20549185,27723760,27721502,27686222,27723940,27723755,27718784,27708104,27723756,27723543,27723722,27713537,27717303,27716510
2016-10-13	
2016-10-14	27730581,27729526,27732578,27729407,27730579,27732842,15052772,17599835,27718847,27730529,17120892,27732831,27732584,17376002,27723741,27733019,27733017,27723745,23242910,27723754
2016-10-15	27735888,27376635,27730581,27729526,27732578,27729407,27730579,27737448,27732842,15052772,27718847,17599835,27733506,27730529,27732831,17120892,27732584,27723741,17376002,27736664
2016-10-16	27735888,27376635,27730581,27729526,27732578,27729407,27730579,27737448,15052772,27732842,17599835,27718847,27733506,27730529,17120892,27573089,27732831,17376002,27732584,27736664
2016-10-17	27735888,27733506,27737448,27736664,27376635,27737513,27730581,27729526,27733558,27732578,27729407,27737437,27730579,27732842,15052772,27573089,17599835,27718847,27743315,27730529
2016-10-18	27735888,27737909,27743873,27733506,27736664,27737674,27737448,27744650,27741224,27743411,27744645,27376635,27742910,27738167,27737513,27730581,27729526,27733558,27732578,27729407
2016-10-19	27735888,27750280,27749818,27750405,27745971,27750279,27745970,27749837,27748765,27737909,27750377,27743873,27733506,27736664,27737674,27744650,27737448,27741224,27743411,27744645
2016-10-20	27735888,27750280,27749818,27750405,27745971,27750279,27745970,27749837,27748765,27737909,27750377,27743873,27733506,27736664,27737674,27745820,27327024,27737448,27744650,27749669
2016-10-21	27735888,27750280,27749818,27750405,27745971,27750279,27745970,27749837,27737909,27748765,27743873,27750377,27748099,27733506,27736664,27737674,27327024,27745820,27744650,27737448
2016-10-22	27735888,27750280,27749818,27750405,27745971,27750279,27745970,27749837,27748765,27737909,27750377,27743873,27748099,27733506,27736664,27745820,27737674,27327024,27749669,27749819
2016-10-23	21889967,27768896,27768887,27735888,27768397,27762608,27750280,27749818,27750405,27745971,27750279,27745970,27749837,27748765,27737909,27760504,27733506,27750377,27748099,27743873
2016-10-24	21889967,27768896,27768887,27768397,27735888,27762608,27750280,27768894,27769076,27763980,19040558,27749818,27750405,27745971,27750279,27745970,27749837,27737909,27748765,27760504
2016-10-25	27770079,27766133,27765690,27768896,27768887,16107235,21889967,27769957,27769076,27768894,27769523,27769635,27769810,27770382,27768897,17696133,27749733,27769596,27770445,27769302
2016-10-26	27770079,27775706,27766133,27774237,27776354,27765690,27768896,27776356,27775812,27775756,27776111,27768887,27773482,27775718,16107235,27775045,25156044,27775705,27776363,21889967
2016-10-27	27775706,27780054,27766133,27774237,27776354,27765690,27768896,27776356,27775812,27775756,27776111,27768887,27773482,27780343,27775718,27775045,16107235,25156044,27775705,27779468
2016-10-28	27783602,27775706,27783956,27766133,27780054,27783600,27774237,27776354,27783955,27765690,27768896,27783938,27776356,27775812,27783881,27775756,27782203,27782139,27783893,27783675
2016-10-29	27783602,27788026,27775706,27783956,27780054,27783600,27774237,27766133,27776354,27788565,27783955,27765690,27768896,27776356,27783938,27775812,27775756,27783881,27782203,27784791
2016-10-30	27783602,27788026,27775706,27783956,27780054,27766133,27783600,27774237,27776354,27788565,27783955,27765690,27768896,27783938,27776356,27775812,27783881,27775756,27784791,27782203
2016-10-31	27788026,27788565,27783602,27710837,27784791,27783956,27775706,27787564,27590880,27766133,27783600,27780054,24948485,27774237,27776354,27783955,27765690,27768896,27783938,27776356
2016-11-01	27789799,27788026,27789795,27794524,27789686,27794555,27794540,27788565,27780832,27793971,15262632,27784791,27710837,27783602,27788052,27794208,23669515,27794539,27793594,27789797
2016-11-02	27798603,27798563,27789799,27798600,27798627,27789795,27788026,27798441,27798601,27794524,27789686,27798611,27797853,27798564,27787506,27798625,27794555,27794540,27780832,27788565
2016-11-03	17193872,27798603,27799657,27798563,27789799,27798600,27123876,27798627,27789795,27788026,27798441,27798601,27802535,27799150,27794524,27789686,27798611,27799472,27799655,27797853
2016-12-05	27901341,27903833,22564572,27912057,23431209,27896219,27895058,27641498,27882996,27882862,20046549,27892954,18678372,27898207,27898061,27899001,7774227,27894125,27893477,7883550
2016-12-06	27912057,27901341,27901033,27906196,27903833,27912061,27912060,22564572,27910808,27915460,27912059,27912098,27915469,27910851,27912062,27912058,27911847,27912091,27912065,27915445
2016-12-07	27912057,27918548,27901341,27901033,27906196,27903833,27919065,27918777,27912061,27918539,22564572,27912060,27918668,27919067,27883227,27910808,27919074,27919072,27919081,27919079
2016-12-08	27912057,27918548,27901341,27901033,27923066,27903833,27906196,27918539,27919065,27918777,20895104,27912061,27912060,27919067,27923088,22564572,24115903,27918668,27921118,27883227
2016-12-09	27926730,27912057,27918548,27926740,27901341,20895104,27924752,27926736,27925204,27901033,27926729,27923066,27926948,27906196,27918539,27919065,27918777,27903833,27912061,27912060
2016-12-10	27926730,27912057,27926740,27918548,27929004,27901341,20895104,27928975,27924752,27926736,27925204,27926729,27901033,27929521,27923066,27926948,27918539,27919065,27918777,27906196
2016-12-11	27926730,27912057,27926740,27918548,23073213,27929004,27901341,20895104,27928975,27924752,27926736,27925204,27901033,27926729,27923066,27929521,27903833,27926948,27906196,27918539
2016-12-12	27929004,27929521,27928975,27926730,27930760,27912057,27930910,27926740,27536090,27918548,23073213,27766993,27901341,25035185,20895104,27924752,27926736,27925204,27901033,27926729
2016-12-13	27935521,27932940,27929004,21687353,27929521,27536090,27928975,27929530,27934695,27934644,27932678,27932067,27936378,27936468,27930760,27935822,27926730,27936492,6391139,27936513
2016-12-14	27932940,27935521,27929004,21687353,22114921,27929521,27951586,27536090,27928975,16732523,27934695,27929530,27934644,27932678,27932067,27936378,27936468,27935822,27930760,27926730
2016-12-15	27932940,27935521,27959684,27929004,27960229,27946384,27960084,27956611,21687353,27956228,27960249,22114921,11166857,27959700,27929521,27960086,27951586,27960197,27928975,27536090
2016-12-16	16679229,11166857,27932940,27965196,6777308,27935521,27959684,27960229,27929004,27960084,27956611,21687353,27956228,26604361,27960249,22114921,27959700,27960086,27929521,27951586
2016-12-17	16679229,11166857,26604361,27974799,27932940,27965196,27974798,6777308,27959684,27935521,27967280,27960229,27929004,27974040,27960084,27956611,14163765,21687353,27956228,27960249
2016-12-18	16679229,18553271,27984843,27984700,27984723,27984734,11166857,19841581,26604361,27071804,27974799,27904800,27932940,27965196,27974798,27959684,6777308,27935521,27929004,27960229
2016-12-19	27984843,16679229,18553271,27974799,27974798,19841581,27984700,27984723,11166857,16996278,27984734,27904800,27978560,27978436,27974793,27974040,27071804,26604361,27976757,27980086
2016-12-20	27984843,16679229,27984734,27974799,16996278,18553271,27980086,25026731,27974798,27984733,27984732,27984722,27984730,1874950,27984729,19841581,27984700,27984723,27986653,11166857
2016-12-21	25026731,27984843,16679229,27984734,18553271,16996278,27974799,27992415,27980086,27992617,27992409,27974798,27984733,27984732,27991897,27984722,27984730,1874950,19841581,27992414
2016-12-22	25026731,27984843,16679229,27984734,15729617,27974799,16996278,18553271,27992415,27980086,27992617,27992409,27974798,27984733,27984732,27991897,27993175,27984722,27984730,1874950
